[Рыбаков_Комисаров;[[ 5.99946603e-02  9.28754359e-02  2.03921068e-02 -8.80852155e-03
   1.16985165e-01  2.11962700e-01  5.69784939e-02 -7.72424415e-03
  -1.12114847e-01 -6.50413483e-02 -5.76592097e-03 -2.03208942e-02
   4.87479642e-02  1.67122018e-02  1.32158995e-01 -9.28385034e-02
   1.08510545e-02 -7.10403919e-02 -3.80758978e-02  1.05829380e-01
  -2.63666231e-02  2.92269886e-02  2.92900167e-02 -4.96664979e-02
  -5.90584707e-03 -4.79863770e-02 -1.86468095e-01 -6.59910738e-02
   6.16820976e-02 -6.09959811e-02  3.85328420e-02  4.78736609e-02
  -9.23261642e-02  1.15807476e-02  2.39797048e-02  1.04837604e-01
   4.03292552e-02  1.02809317e-01  1.75329577e-03 -1.62638444e-02
   1.49130821e-01  3.75258438e-02 -1.31098941e-01 -1.57212555e-01
  -1.87587455e-01  1.36604667e-01  4.86018807e-02  5.38063096e-03
  -1.55926183e-01 -5.41165620e-02 -1.63788885e-01  4.47613373e-02
   4.29530889e-02  3.02915629e-02 -1.93067305e-02 -1.53383566e-02
  -1.79527961e-02  9.38780978e-02 -1.08404860e-01 -1.90508999e-02
  -1.27846748e-01  1.68108985e-01  1.03674844e-01 -2.15324163e-01
   9.77247506e-02  1.74609840e-01  1.15665823e-01  1.13514937e-01
  -7.30748177e-02 -2.17563342e-02  1.13599665e-01  8.85385647e-02
   2.32201442e-02  4.51414026e-02  1.23495772e-01  1.04804948e-01
  -1.01438127e-01 -7.38330930e-02  6.72706664e-02 -4.49752260e-04
  -7.05037266e-02  6.62966669e-02  3.50161456e-03 -1.53515702e-02
   1.90547854e-02  6.67383373e-02  5.42446487e-02  5.37949204e-02
  -7.79504031e-02  3.02519742e-02  1.82186216e-01 -7.83327520e-02
   6.32350221e-02  8.89640227e-02 -8.09999928e-02 -1.73865661e-01
   7.16205910e-02 -6.19538408e-03 -1.80010125e-02  9.25060449e-05
  -2.23616455e-02  3.95582290e-03 -5.38085289e-02  1.85231846e-02
  -1.74767345e-01  1.97222948e-01  4.12990190e-02  4.74906489e-02
   1.21380519e-02  8.94834287e-03  9.54461694e-02  5.03088385e-02
  -1.54836690e-02 -3.63923050e-03  2.05839947e-02 -2.12951303e-02
  -2.73794591e-01 -1.63513254e-02 -2.21980121e-02  3.23155001e-02
  -2.80505493e-02 -6.66482076e-02 -9.93783027e-03  7.17975274e-02
   8.07965174e-02  1.24071918e-01 -1.92383826e-02 -6.79205135e-02]]]
[Наташа_размочаева;[[ 0.14497745  0.0018672   0.06004716  0.00370934  0.1983039   0.15230387
   0.14817062 -0.07711123 -0.06977918 -0.07132638 -0.01234066  0.10875504
   0.08026639  0.02776759  0.01607167 -0.08100989  0.01330459  0.1449896
  -0.13586882  0.13119087  0.10898239  0.0817885   0.02055325  0.20064451
  -0.05307349 -0.12633428 -0.16201621 -0.05451315  0.02886189  0.14809114
  -0.09283699  0.04330501 -0.10736771  0.10557009  0.07631526 -0.02821668
   0.00739449  0.05739005 -0.05565658 -0.07205221  0.05012587  0.08875774
   0.00889724 -0.0715085  -0.18088076 -0.04988848  0.04247904  0.05235262
  -0.04233665  0.10960134  0.04316328 -0.11260034 -0.00967044  0.04639621
   0.12469046 -0.00045906 -0.03330679  0.19499    -0.09995275 -0.03660617
  -0.01727393  0.13118607  0.11155014 -0.15021826  0.06195818  0.01958493
   0.00945182 -0.00746016 -0.20997418  0.00038177  0.06679612  0.08043906
   0.04911283  0.04382635 -0.06801384  0.08225293  0.02787397 -0.10210799
   0.11804993 -0.06214361  0.07259055  0.11946578 -0.00834318 -0.04867787
   0.03552321 -0.05343211  0.03514819  0.0481974  -0.02900967  0.15622742
   0.1497804  -0.14367996  0.02133421  0.04595219 -0.07678756 -0.07708125
  -0.05386385  0.007879    0.02899635  0.0518663   0.13496299  0.05500285
  -0.03554905  0.06367224 -0.12596452  0.06551693 -0.03885221 -0.0555218
  -0.02434593  0.04090828  0.12419979  0.09321497  0.00942789  0.07034309
  -0.02760777  0.07096177 -0.10949668  0.05053313 -0.1445026   0.07356266
  -0.02387741 -0.02376853 -0.03157696 -0.00660522 -0.03715369  0.14441778
  -0.06752566 -0.15773049]]]
[intems_Team;[[ 8.55542421e-02  9.61495414e-02  3.16606238e-02 -6.56429753e-02
   2.07664698e-01  1.75423250e-01  1.12443537e-01  3.83031704e-02
  -1.65908650e-01 -1.39016109e-02  1.46420868e-02  4.46866564e-02
   8.44685435e-02 -4.18745028e-03  1.10663682e-01 -6.61108345e-02
   3.71726677e-02  3.54898199e-02 -9.01615247e-02  1.57414168e-01
   7.62245953e-02  5.26840016e-02  4.43911664e-02 -1.89799350e-02
  -3.18990275e-02 -1.02614976e-01 -1.68959185e-01 -5.23115844e-02
   1.26834169e-01  3.97164449e-02 -7.12393820e-02  8.51630047e-03
  -5.90552427e-02  6.52112588e-02  4.67222445e-02  3.64335254e-02
   3.58925462e-02  8.42653066e-02 -4.01806310e-02 -6.08557165e-02
   1.07276216e-01  4.91152667e-02 -3.31767537e-02 -6.32259771e-02
  -2.50358254e-01  1.25715777e-01  9.05163288e-02  2.34111417e-02
  -1.77630812e-01  2.14471240e-02 -8.21731389e-02 -2.41019716e-03
  -1.15467243e-01  3.36214006e-02  4.86829691e-02 -3.11489310e-02
  -5.53447977e-02  1.01136208e-01 -1.72389627e-01  2.01181415e-02
  -7.72242472e-02  7.88648948e-02  1.27396345e-01 -1.74236193e-01
   1.65517539e-01  2.87736151e-02  2.95314076e-03  7.99996778e-02
  -1.30192503e-01  2.22790353e-02  1.17085561e-01  1.11186132e-01
   2.36483328e-02 -4.46250010e-03  3.79725173e-02  1.29665628e-01
  -2.65970808e-02  2.08612345e-02  8.99238735e-02 -7.78533593e-02
  -6.13843277e-02  6.37810305e-02  3.99071584e-03  5.55288121e-02
  -4.68230946e-03  1.51517754e-02  6.02018274e-02  9.43419635e-02
  -9.31925513e-03  1.29322037e-01  1.61647692e-01 -1.36817768e-01
  -5.54085597e-02  7.90962428e-02 -7.49110654e-02 -1.78909913e-01
   1.53354891e-02  1.77023597e-02 -3.55111547e-02  3.77607020e-03
   7.76044559e-03  3.82970683e-02 -4.50730771e-02  3.27405035e-02
  -1.62112087e-01  1.63595974e-01  2.10147540e-04  8.96492451e-02
   6.04478195e-02 -3.66342068e-02  8.22545364e-02  4.84006815e-02
  -5.02400175e-02  6.62514418e-02  4.19520885e-02  9.77756735e-03
  -1.76769257e-01 -2.69212276e-02 -6.16904423e-02  1.16412334e-01
  -4.77321818e-02 -3.39609459e-02 -1.92752723e-02  1.12927273e-01
   7.16306567e-02  1.09710224e-01  3.88002279e-03 -1.27577305e-01]]]
[Настя2;[[ 0.13852933  0.12482388  0.10771523 -0.03484468  0.1332243   0.16809475
   0.11875171 -0.05238867 -0.13502544  0.02689744 -0.00773839 -0.01575422
   0.07258748  0.0684242   0.10620664 -0.10321826  0.16130736  0.08424025
  -0.0651302   0.01215304 -0.01547527  0.19042088 -0.09700251  0.12030881
  -0.03769786 -0.08588042 -0.11546561  0.06022372  0.1200157   0.10526828
  -0.09896261  0.1031126  -0.13332717  0.07717989  0.05673822 -0.01933452
   0.09437423 -0.02819202  0.0103802  -0.0223824   0.08088452  0.01279323
  -0.02053832 -0.14535342 -0.10466167  0.1616639   0.01155432  0.07893659
  -0.12556165 -0.06807337  0.10834067  0.08700551  0.02425493 -0.00171732
   0.01390926 -0.00773001 -0.00789975  0.0728405  -0.01803259  0.01361555
   0.0057661   0.13393955 -0.04288758 -0.12803943  0.00766861  0.03364034
   0.0971499   0.03693797 -0.12998734  0.03550004  0.04373271  0.00205231
   0.01586685 -0.03301943  0.01391995  0.10710041 -0.00334522  0.01783071
   0.09470803 -0.07913655  0.08914196  0.14632641  0.03973333 -0.01382639
   0.12711021 -0.03316626  0.02922904 -0.01061472 -0.11596385  0.17790991
   0.09880843 -0.06341933  0.03839538  0.11016966 -0.14773126 -0.063929
   0.06223915 -0.05517331  0.05365046 -0.00767477  0.14813301  0.16952965
  -0.01841538  0.11510691 -0.15858915  0.02799224 -0.03666466 -0.03182616
  -0.03315207  0.02801829  0.15059672  0.01460159 -0.03397276  0.02570226
  -0.04118001 -0.01134709 -0.22068249 -0.01869718 -0.15766004 -0.01022281
  -0.01196924 -0.06048815 -0.01978579 -0.01705712  0.08005366  0.10827331
  -0.08993299 -0.18146735]]]
[команда300;[[ 0.07795541  0.05099938  0.03799462 -0.02276372  0.1608982   0.17312926
   0.13743117  0.03395803 -0.07795829 -0.10561658  0.00701804  0.05631059
   0.06721351 -0.01794148  0.10198869 -0.11435765  0.02007539 -0.05841798
  -0.1136547   0.16701649  0.03548879  0.05833708 -0.02542604  0.02022371
  -0.04026746 -0.09523402 -0.17716305 -0.0536159   0.05016474  0.0080016
   0.02063416 -0.0007669  -0.06983162  0.08562     0.04407797  0.07857662
   0.0507083   0.09374651 -0.0775704  -0.06027821  0.16515991  0.04869105
  -0.03977261 -0.04603784 -0.19310574  0.08149987  0.06246966  0.00796792
  -0.12441437  0.03713454 -0.13369723 -0.05509314 -0.053148    0.02547217
   0.0897467   0.00201666 -0.18107706  0.15555134 -0.1657705   0.00321666
  -0.13146418  0.0848914   0.13362998 -0.21589732  0.1384097   0.05999411
   0.06654225  0.03316567 -0.15070863 -0.028851    0.12499221  0.06617537
   0.03216968  0.02984759  0.04254685  0.11808935 -0.00779106 -0.03341642
   0.08678146 -0.01990813 -0.05820262  0.02857089 -0.0009675   0.00073815
  -0.00117645 -0.0143423   0.08337322  0.06041885 -0.0459447   0.11543791
   0.18167138 -0.17506139 -0.00868847  0.05283166 -0.06394737 -0.11954105
   0.04536433 -0.05934144 -0.03498394  0.02482475 -0.04766933  0.0366994
  -0.06530865  0.01660957 -0.19650291  0.18366905 -0.00973543  0.05501592
   0.00304499 -0.01078864  0.09630758  0.03968098 -0.09251498  0.0599825
   0.03080753  0.00075889 -0.14696819 -0.03321657 -0.0448208   0.11755472
  -0.03183592 -0.01089748 -0.01111807  0.13423812  0.08868959  0.08880433
   0.02972194 -0.13238639]]]
[Настя4;[[ 0.01920622  0.13811873  0.0682408  -0.1111132   0.06397507  0.05625442
   0.00035328  0.02628771 -0.14152937  0.02530835  0.08338717 -0.03217265
   0.06325579  0.10764784  0.12783101 -0.05142457  0.16353913  0.03471366
   0.02118993  0.09415777 -0.01584478  0.13742472 -0.04615044 -0.05507971
  -0.10105884  0.05482605 -0.01311985  0.0173225   0.15450737  0.00063001
  -0.08283078  0.06111467  0.05945654  0.05421934  0.05949444  0.07982016
   0.18055335  0.14155021  0.01990146  0.00456075  0.06293761  0.03151386
  -0.0469229  -0.0998601  -0.13399822  0.22636807  0.10491902 -0.01934204
  -0.24325226 -0.12126391 -0.10457861  0.07298549 -0.08410481  0.07692757
  -0.00937547  0.04990677 -0.02726834  0.00301713 -0.1694027   0.06960006
  -0.068552    0.00740811  0.03814393 -0.15607515  0.14405097  0.03589465
   0.07487939  0.04670717 -0.03277567  0.02198933  0.06697729 -0.09548027
  -0.01563167 -0.05246773  0.10769282  0.0521584  -0.03154904  0.12370402
   0.04382555 -0.20263873 -0.09637914  0.14677256 -0.04260676  0.01780485
   0.00979131  0.03448139  0.03364006  0.02169076 -0.05429578  0.13517171
   0.13529101 -0.10919222  0.00045918  0.102474    0.00336674 -0.1021402
   0.04784847  0.00221715 -0.00500041  0.00770921 -0.05297672  0.06467395
  -0.07062591  0.06833854 -0.07911077  0.14228125  0.04360684 -0.0126746
   0.02324169 -0.11193797  0.00420751 -0.03660006 -0.06670909  0.04229489
   0.02574667 -0.0901602  -0.17994754 -0.21766926 -0.03409357 -0.00187323
  -0.00390597 -0.0191563  -0.00806757  0.11860671  0.14326851  0.06486098
   0.01919144 -0.13230984]]]
[Яна_ваулина2;[[ 0.12628572  0.04366698  0.03664926 -0.07536519  0.15882412  0.15962818
   0.14402443  0.03466554 -0.12852524 -0.04521398 -0.00344663  0.07667185
   0.14734103  0.01901156  0.05775185 -0.04972069  0.02265098  0.00917785
  -0.15776221  0.17682368  0.09708156  0.06339189  0.00634094  0.08468895
  -0.09910439 -0.08572911 -0.1602851  -0.0371495   0.0657505   0.09811275
  -0.11784385  0.01178885 -0.07688526  0.10680651  0.01595272 -0.00472517
   0.04862379  0.1258932  -0.06559532 -0.05549955  0.06727023  0.04166068
   0.03554055 -0.06098133 -0.18267518  0.02267926  0.07179213  0.04227189
  -0.12218016  0.1098023  -0.00909078 -0.09783896 -0.09030085  0.10294913
   0.15100242 -0.02535018 -0.0873034   0.14208548 -0.10503984 -0.05008074
  -0.0642237   0.07133727  0.11229203 -0.16501968  0.08100005  0.03082327
   0.00449638  0.05187977 -0.17608334 -0.07632045  0.08688706  0.06609298
   0.03247158  0.02432327  0.031988    0.13373126  0.02697802 -0.04036127
   0.15095244 -0.0170687   0.04896937  0.02332132  0.02562725  0.0142068
  -0.0034388  -0.01523808  0.07093313  0.0782323   0.03464499  0.15608005
   0.1171813  -0.19759563 -0.01899397  0.07458683 -0.12702167 -0.09482121
   0.01184463  0.01035668 -0.00417647  0.01282486  0.06817754  0.07308158
  -0.03784262  0.08091314 -0.19405644  0.10727277 -0.09167365  0.05235123
  -0.00677419 -0.0460545   0.10279081  0.08602926 -0.05787912  0.08250175
  -0.00562792  0.05859918 -0.12904334  0.02933423 -0.15293284  0.10127793
  -0.04515215 -0.03700551  0.02736554  0.06635451  0.01050527  0.10765608
  -0.02844967 -0.14756837]]]
[Настя5;[[ 0.04580244  0.05602468 -0.00499901 -0.08307177  0.07981397  0.21543652
   0.02842624  0.10026543 -0.02484453 -0.02441013 -0.00547593 -0.00146212
   0.08503593 -0.02152544  0.1667534  -0.05651992 -0.04288583 -0.08890243
  -0.07026298  0.11902256  0.06569036  0.00576314  0.0669715   0.10951024
  -0.03339931 -0.07487734 -0.09983267 -0.16936445  0.02639449 -0.00523473
   0.06634364 -0.01723266 -0.00368154  0.09917388 -0.01484084  0.12614302
   0.04253871  0.10280098 -0.12422759  0.01538993  0.06083311 -0.00811983
  -0.12582532 -0.03768491 -0.12369295  0.0737644   0.1203331   0.01616164
  -0.1602907   0.05257358 -0.11192638 -0.07483271  0.00033659  0.0031333
   0.09924898  0.0927679  -0.10410241  0.16361547 -0.06900696 -0.1110991
  -0.13712464  0.07389419  0.13029869 -0.24150655  0.09746032  0.07565691
   0.05822156  0.10507309 -0.10292321  0.01335677  0.04493585  0.08704417
  -0.08401143 -0.03162987  0.10276774  0.09495883 -0.05642682  0.02068
   0.10861986  0.01348011 -0.07766607  0.05422013 -0.07391262 -0.05963559
  -0.01310667  0.04420438  0.06902162  0.03171319  0.02498042  0.09576048
   0.13607474 -0.14817655 -0.01794525  0.04988828 -0.02914073 -0.03336336
   0.00304634 -0.00927228  0.00959287  0.01028289  0.0042797  -0.05722928
  -0.09321193 -0.04126586 -0.2408317   0.16727385 -0.12945427 -0.08011035
  -0.05111907 -0.05661781  0.07382464  0.1422618  -0.03598131 -0.08635785
   0.07940319  0.07164995 -0.1637209  -0.11212336 -0.03108163  0.13781802
   0.0627264  -0.02991387  0.03360629  0.14189397  0.00643986  0.11724446
   0.01232674 -0.07449217]]]
[Настя3;[[ 0.14024858  0.06404135 -0.02664588 -0.0314518   0.1347566   0.1838906
   0.13820209  0.041784   -0.12017657 -0.0135858   0.00438133  0.04718863
   0.1448502  -0.04791605  0.0786581  -0.01328815  0.05763322 -0.03022183
  -0.1828747   0.1755195   0.04926604  0.0024753   0.03060475  0.06191962
  -0.07281891 -0.05836642 -0.1796437  -0.1292971   0.02611417  0.03756197
  -0.02211389  0.1250172  -0.10000724  0.11952617 -0.04643237  0.01500192
   0.02343629  0.18072776 -0.06414226 -0.01312648  0.09687325  0.00664918
  -0.03376924 -0.04739046 -0.16057053  0.03090531  0.08150115  0.02377463
  -0.14239955  0.05732146  0.03104596 -0.08857335 -0.07434846  0.04275092
   0.08755687 -0.03513246 -0.0900755   0.1389869  -0.00954642 -0.08495546
  -0.12059636  0.04459072  0.08893763 -0.22696659  0.09314281  0.02439666
   0.04510994  0.09251605 -0.15388088 -0.08450788  0.06602447  0.0954657
   0.02509717  0.03114953  0.03291325  0.09708014 -0.01470822 -0.01600803
   0.07773362  0.04213263 -0.00089845  0.0086961  -0.01805063 -0.04834736
  -0.02734815  0.01495249  0.09973522  0.02549419 -0.00279837  0.06940705
   0.06172254 -0.1862498  -0.02931368  0.04103825 -0.11051939 -0.03860683
   0.06577837 -0.025121   -0.01793828  0.00145955  0.00332581  0.01938771
  -0.05183104  0.16684638 -0.20807195  0.06592095 -0.13870257  0.09901087
   0.00258803 -0.05344203  0.06182128  0.15767635 -0.08545676  0.04448634
   0.02004926  0.01675585 -0.21831891 -0.03096041 -0.09332932  0.0919562
  -0.0260585   0.01537879  0.0495619   0.12539016  0.0685944   0.0350037
  -0.07059424 -0.15724213]]]
[Яна_Ваулина;[[ 0.04734926  0.15343317  0.05091995 -0.06027924  0.17408869  0.10335118
   0.05890413 -0.0772974  -0.06809089 -0.03183558  0.03449668 -0.01302134
   0.03547831  0.12880547  0.09530051 -0.07437398  0.12046642 -0.00991002
  -0.07609291  0.09721876 -0.01914822  0.13225487 -0.03784824 -0.02293396
  -0.02873937 -0.07018134 -0.13553709  0.09722874  0.16094804  0.03643714
  -0.05042569  0.0253703  -0.03914122 -0.00186124  0.05507551  0.11910976
   0.08111056  0.03783393 -0.03262045 -0.02202708  0.09111652  0.10344392
  -0.03668082 -0.12079746 -0.14742757  0.25752193  0.02635232  0.06270627
  -0.10700226 -0.0850714  -0.10765665  0.14381824 -0.06191264 -0.00083243
   0.02584325 -0.01543392 -0.09080387  0.0738307  -0.13253011  0.08230288
  -0.07417307  0.10981101  0.05484826 -0.11270496  0.07858064  0.05456892
   0.05860398  0.11906599 -0.0595469   0.06417965  0.16950063  0.02781184
   0.04523733 -0.04285156  0.09555159  0.16102865 -0.04336031  0.06082775
   0.03333591 -0.16264486  0.02984143  0.14868075  0.00232544  0.05612342
   0.04873315  0.04037387  0.01934267  0.0491882  -0.10896163  0.14591958
   0.14044127 -0.10516961  0.01134195  0.09640075 -0.0508677  -0.17731375
   0.02202957 -0.0511639   0.0363277  -0.02466115  0.01970072  0.08385039
  -0.01447094  0.0004267  -0.1877269   0.16648519  0.01430393  0.02399298
   0.06059205 -0.00686756  0.1079407  -0.01762574 -0.05495741  0.09314093
  -0.01181024 -0.02553655 -0.21250607 -0.03800976 -0.080124    0.036516
  -0.0430286  -0.0188826  -0.03112171  0.09219641  0.06874304  0.13001454
  -0.0147651  -0.11254012]]]
[Владимир_Викторович1;[[-0.01379179  0.11979187 -0.10619163 -0.02959543 -0.06338773  0.16104124
  -0.02432269 -0.10759743 -0.1522808   0.10075288  0.02227115 -0.03597263
   0.12399239  0.03275637  0.04211107 -0.09851294 -0.01672939  0.0209262
   0.11967523  0.04948616 -0.04903278 -0.0771827   0.01716101  0.12982689
  -0.02201499  0.00295979 -0.07462839 -0.11501941  0.06464399  0.10804962
  -0.00479818 -0.01476373 -0.03296311 -0.05547803  0.04612811  0.05266027
  -0.00758953  0.029868    0.04649465 -0.00602103 -0.06050131 -0.08946998
  -0.09046115 -0.03881993 -0.09634551  0.02831168  0.12428952  0.09161636
  -0.14208746 -0.0245237  -0.04869222  0.02470173  0.1555356  -0.00862906
  -0.01202028  0.06260262  0.04901797  0.11777113  0.01972445 -0.12952171
  -0.07894409  0.18299192  0.16196553 -0.13371077 -0.01259265  0.16302767
   0.09368308 -0.01514569 -0.13198295 -0.130029   -0.03414911 -0.00560855
  -0.07297718  0.01336929  0.13420856  0.02755617 -0.08053935 -0.09687492
   0.15176333  0.10547378 -0.0167201  -0.02131094 -0.0502186  -0.05123089
  -0.01012737  0.05181002 -0.06051364 -0.09200905  0.05557554  0.01637643
   0.03814432 -0.01955924  0.18704428  0.06550854 -0.0888856  -0.14033574
   0.00127378  0.10506448  0.06054375 -0.06237748  0.12157619  0.07956345
  -0.01661571  0.00257433 -0.1232888   0.14732288  0.02270889 -0.01717874
  -0.04577878  0.07055926  0.12486279  0.04488904  0.07252159 -0.11070398
  -0.10732175  0.09153053 -0.15706259  0.01286779  0.00150753  0.03162983
  -0.00901956 -0.27142245 -0.04663926 -0.06606203 -0.13962552  0.19343723
  -0.10773542 -0.00239079]]]
[Настя1;[[ 0.0928205   0.11671299 -0.06346738 -0.069176    0.11043297  0.19418661
   0.07621647  0.07012945 -0.12139715  0.02636287  0.04099805  0.05215285
   0.11994158 -0.1207231   0.02876568 -0.00157558  0.01520708 -0.0072714
  -0.13580869  0.19088148  0.09799708 -0.00877734  0.03093935  0.11374795
  -0.06133695 -0.0765609  -0.08988453 -0.12385418  0.12361228  0.07205582
  -0.04469758  0.00860019 -0.05444201  0.11561935 -0.02931481  0.02731068
  -0.00217897  0.10809201 -0.08402099 -0.02249617  0.01844697 -0.04687352
  -0.02068382  0.04508099 -0.1468012   0.02138289  0.15216252  0.05784751
  -0.20923023  0.11520343  0.00051639 -0.04232768 -0.13102953 -0.00023275
   0.08602591  0.0017133  -0.11979332  0.1420429  -0.06451438 -0.09146912
  -0.1234118   0.01413115  0.2058142  -0.19011107  0.08946373 -0.03788304
  -0.01359851  0.02797961 -0.17751156 -0.01943731  0.02421314  0.08005697
  -0.03863885  0.02647695  0.0414754   0.04367201  0.02310096  0.08036508
   0.09404164  0.01943447 -0.0164379   0.01027168 -0.03863936 -0.03152094
  -0.0194757   0.02900969  0.03021389  0.03698299  0.08397798  0.13316242
   0.09526958 -0.18048935 -0.11144325  0.07738249 -0.01760188 -0.05978749
   0.02263119  0.01171066 -0.03629864 -0.02836548  0.01013217  0.01989937
  -0.08363814  0.08128302 -0.22052084  0.13370338 -0.09738306  0.07353852
   0.03910578 -0.06544004  0.07805903  0.168845   -0.04454011  0.05031677
   0.05311733  0.02594908 -0.13275042 -0.05475649 -0.02841742  0.1524904
  -0.02907668 -0.02732428  0.06330057  0.12749957 -0.00405219  0.07857443
   0.00853311 -0.15283658]]]
[Мельников_Никита;[[ 0.11169124 -0.0632496  -0.09773365 -0.05561235  0.2030367   0.11667071
   0.118089    0.02532314 -0.09594389 -0.0538031  -0.03493951  0.09439403
   0.11573345 -0.01937963  0.01616868 -0.05718042  0.01007171 -0.01084077
  -0.11384877  0.23973076  0.07549825 -0.02150693  0.07412972  0.02330741
  -0.08966921 -0.01754726 -0.15479103 -0.16879432  0.00997914  0.03067466
  -0.03189453  0.04651017 -0.07795874  0.05592279  0.01656559  0.06068299
  -0.01802819  0.19063613 -0.10828545 -0.0962066   0.07523466  0.09365407
  -0.08467965  0.04622709 -0.2155457   0.06489871  0.08241186  0.06818274
  -0.0691344   0.07673047 -0.11471314 -0.10666069 -0.06597469  0.02061924
   0.13670272 -0.06085862 -0.07979862  0.17481236 -0.08115598 -0.06669945
  -0.06008622  0.04469426  0.18331003 -0.12416697  0.1253839  -0.06892569
   0.00584171  0.12239444 -0.04783932 -0.04865013  0.11182842  0.11494782
   0.05065049  0.02190977 -0.05611847  0.09571851 -0.05206457  0.01382443
   0.09460427 -0.02024751 -0.03617379  0.06107227 -0.07244448 -0.040766
  -0.0384222  -0.04297218  0.09681985  0.12741765  0.04681176  0.02205008
   0.15117113 -0.10731374 -0.03045696 -0.01610664 -0.04257134 -0.11301433
   0.05071967 -0.00917384 -0.02083088 -0.02209675  0.00898227  0.00355961
  -0.03050145  0.0246597  -0.20910345  0.0862839  -0.10419678  0.05203357
   0.04136439  0.02826167  0.10200752  0.12476266 -0.08398521  0.04406167
   0.02193242  0.05566734 -0.1485262  -0.10215347 -0.09064509  0.08164438
  -0.07429713  0.05328776  0.0302177   0.12579435 -0.04132161  0.0351325
  -0.07200289 -0.11683214]]]
[Владимир_Викторович;[[ 0.03745143  0.07911888  0.11795975  0.04026297  0.18283075  0.09974407
   0.11319542 -0.06464281 -0.02258227  0.03543282  0.01752625  0.0190666
   0.01531708  0.0500157   0.20368636 -0.02229134  0.05392344  0.10526105
  -0.08015934  0.09918215  0.01039886  0.07311107  0.03212766  0.03231764
   0.02120359 -0.12590528 -0.239484   -0.06050715  0.11013988  0.05988009
   0.01425613  0.13055524 -0.00693621  0.01906485  0.10739202  0.0990233
   0.02304385  0.07881161 -0.07299037 -0.08590396  0.07702624  0.08055133
  -0.07039247 -0.1357216  -0.17831796  0.15796922  0.03671622  0.01596923
  -0.10997482 -0.04892913 -0.09517367  0.02306304 -0.00492812 -0.06352685
   0.04105469  0.02315791 -0.07813021  0.06357841 -0.12791562  0.07961242
  -0.11929158  0.06022502  0.03141048 -0.17925079  0.17572565  0.10280017
   0.00627083  0.05953217 -0.1807648   0.07755321  0.14187029  0.11550441
   0.00971513 -0.00752179 -0.00089678  0.11076746 -0.05167808 -0.02653419
   0.0393042  -0.1519371  -0.01463815  0.13443139 -0.10523261 -0.01630257
   0.04694763 -0.00509874 -0.00398982  0.03681706 -0.08656817  0.14548947
   0.14893413 -0.02841179 -0.03123165  0.05705824 -0.01328086 -0.06213888
  -0.02541314 -0.01753861  0.04208048  0.02957293  0.03992525 -0.04285519
  -0.02724307 -0.10242508 -0.15780376  0.14919114  0.04688253 -0.07083322
   0.16202796  0.02572443  0.02507169  0.0630004  -0.01144627 -0.06582917
   0.09726267 -0.01699517 -0.14537168 -0.04896738 -0.04726107  0.09978735
   0.01517724 -0.00557139 -0.01769651  0.14169972  0.061258    0.15028414
   0.08024261 -0.11578745]]]
[Владимир_Викторович3;[[ 0.11853682  0.05015629 -0.07685222 -0.04536995  0.11671081  0.21389298
   0.0970371   0.04230701 -0.07480513 -0.01617212  0.04284386  0.06638853
   0.14970855 -0.12323058  0.015796   -0.00982439 -0.05785718  0.02729635
  -0.19498289  0.20536536  0.1177693  -0.00518126  0.03344063  0.12720256
  -0.08928803 -0.08384714 -0.13982642 -0.17944473  0.01843901  0.09759955
  -0.05397388  0.03241351 -0.08279051  0.12127007 -0.02676608  0.04009083
  -0.01909739  0.07583793 -0.1036059  -0.0073015   0.04509566 -0.04232392
  -0.03700811  0.0506757  -0.1542938  -0.03820034  0.13782123  0.06339297
  -0.15206347  0.14454408  0.01641106 -0.14061786 -0.10096744  0.04616959
   0.1168177   0.00350198 -0.11757289  0.13120829 -0.0260528  -0.10460964
  -0.09626746  0.04006522  0.18541504 -0.17829932  0.05286827 -0.06891675
   0.02094587  0.0380022  -0.1427218  -0.05250315  0.0390636   0.09317964
   0.00192374  0.01605082  0.00308633  0.06157038 -0.02100667  0.02152017
   0.06951219  0.04817241  0.03337163  0.02383041 -0.05287614 -0.0323836
  -0.05876912  0.09141202  0.07210031  0.00937011  0.04875098  0.10570385
   0.09562819 -0.2068234  -0.09025206  0.02696093 -0.10058033 -0.03841513
  -0.0275141  -0.00480512 -0.01380805 -0.00570393  0.05219583  0.00540435
  -0.05322251  0.06964798 -0.18608826  0.10195905 -0.13613538  0.07010569
  -0.05618918 -0.00124096  0.07111162  0.13526699 -0.0459101   0.00479366
  -0.00893686  0.06982861 -0.12699246 -0.03159332 -0.0849743   0.10979025
  -0.00913111 -0.02032879  0.06637039  0.12920777 -0.02958867  0.06215573
  -0.04200852 -0.10370678]]]
[Рыбаков_Алексей;[[ 0.11579214  0.06003354  0.14475355 -0.02771967  0.12493348  0.21817856
   0.05803705  0.10541869 -0.06034224 -0.11506248 -0.02689201 -0.01668135
  -0.02082673  0.04036384  0.1216304  -0.04905683  0.10556031 -0.08696723
  -0.09763043  0.03782242  0.03450853  0.16841245 -0.05948223  0.09430484
  -0.02180638 -0.10635982 -0.07984465  0.02192709  0.06868781 -0.06686801
  -0.01433654 -0.05319219 -0.10661336  0.07678565 -0.01570917  0.08878414
   0.06458426  0.00479104 -0.10330161  0.0270034   0.12541854  0.08881472
  -0.06159865 -0.17029066 -0.05354522  0.15343173  0.00309153 -0.05886682
  -0.12867685 -0.00252268 -0.02073514  0.01279325 -0.02391419  0.03672537
   0.0674336   0.01494844 -0.05281226  0.10551065 -0.03668191 -0.00414066
  -0.0572591   0.12996645 -0.01301862 -0.2138168   0.07213417  0.03933702
   0.10008308  0.07944516 -0.06399982  0.09643191  0.10818233  0.06331699
   0.02509506 -0.06100897  0.09097406  0.15162468 -0.01032386  0.08618253
   0.03890337 -0.08852388  0.01215286  0.12024233  0.06322137 -0.01868586
   0.06568686  0.02955426  0.07282833  0.05849369 -0.14159183  0.15726776
   0.11975959 -0.12305054 -0.04886166  0.11625595 -0.05457665  0.00190568
   0.09732498 -0.11435774 -0.00204711  0.06165289  0.00487407  0.04714796
  -0.09834267  0.02449204 -0.20671621  0.09828238 -0.05229345 -0.09850753
  -0.10367554 -0.06953634  0.10465457  0.04868849  0.01357139  0.00329523
   0.07891655  0.02105942 -0.2315089  -0.02513904 -0.14276764  0.01884275
  -0.03329596  0.01273782  0.04426275  0.04651181  0.14539465  0.13753997
   0.00897734 -0.14407925]]]
